*begin "version 2025.0.0.24  4-25-2025  16:41:49"
*createstringarray 20 " 0 penalty value              0.00    0.00    0.80    1.00   10.00" \
  "  1 min length        1 1.0   1.000   0.900   0.400   0.200   0.100    1   59    0" \
  "  2 max length        1 1.0   1.000   1.200   1.500   2.000   3.000    0   39    1" \
  "  3 aspect ratio      1 1.0   1.000   2.000   4.400   5.000  10.000    0   41    2" \
  "  4 warpage           1 1.0   0.000   5.000  13.000  15.000  30.000    0   56    3" \
  "  5 max angle quad    1 1.0  90.000 110.000 134.000 140.000 160.000    0   28    4" \
  "  6 min angle quad    1 1.0  90.000  70.000  46.000  40.000  20.000    0   61    5" \
  "  7 max angle tria    1 1.0  60.000  80.000 112.000 120.000 150.000    0   19    6" \
  "  8 min angle tria    1 1.0  60.000  50.000  34.000  30.000  15.000    0   22    7" \
  "  9 skew              1 1.0   0.000  10.000  34.000  40.000  70.000    0   46    8" \
  " 10 jacobian          1 1.0   1.000   0.900   0.700   0.600   0.300    0   57    9" \
  " 11 chordal dev       0 1.0   0.000   0.300   0.800   1.000   2.000    0   29   10" \
  " 12 taper             1 1.0   0.000   0.200   0.500   0.600   0.900    0   53   11" \
  " 13 % of trias        1 1.0   0.000   6.000  10.000  15.000  20.000    0    0   -1" \
  " 14 QI color legend            32      32       7       6       3           3   -1" \
  " 15 time_step         0         1.000                       0.01            0   59   12" \
  " 16 area_skew         0         1.000                      0.500            0   39   13" \
  " 17 cell_squish       0         1.000                      0.600            0   53   14" \
  " 18 equi_skew         0         1.000                      0.600            0   34   15" \
  "   Global_solver -1"
*setqualitycriteria 1 20 0
*templatefileset "C:/Program Files/Altair/2025/hwdesktop/templates/feoutput/optistruct/optistruct"
*menufilterset "*"
*menufilterdisable 
*setoption show_scale=0
*setscaleoption position=bottom
*viewset 1 0 0 0 0 1 0 0 0 0 1 0 0 0 0 1 0 0 10 10
*setoption display_color-5=2
*setoption highlight-active_color=#FFFFFF
*setoption highlight-glow_color=#FFFFFF
*graphicfont 2
*menufont 2
*ME_CoreBehaviorAdjust "allowable_actions_policy=default"
*loaddefaultattributevaluesfromxml 
*setoption highlight-active_color=#FFFFFF
*setoption highlight-glow_color=#FFFFFF
*clearmarkall 1
*setoption topoedgecolor=0
*setoption topofacecolor=4
*readfile "C:\\Users\\tjmck\\OneDrive\\Documents\\GitHub\\CAD-Portfolio\\Transmission Loss Box\\Mesh Files\\Transmission Loss Box Mesh 1.hm"  0
*rotateabout 1 2.17707777 0.230777264 0
*viewset -0.820283307 -0.506980794 0.264774944 0 -0.473404058 0.861598391 0.183130584 0 -0.320973355 0.0248734281 -0.946761542 0 55.0608095 -18.3146211 22.9465253 1 16.6926837 -39.3314229 94.5839188 3.37714578
*rotateabout 1 13.3863153 -2.36674213 -0.35112682
*viewset 0.517705775 0.135183249 0.844811352 0 -0.219572876 0.975358785 -0.0215172584 0 -0.826902947 -0.174358049 0.53463145 0 37.5731732 -26.7115455 15.2177832 1 16.6926837 -39.3314229 94.5839188 3.37714578
*rotateabout 1 8.22299099 5.00427389 10.75
*viewset 0.930773979 0.0168174258 0.365208125 0 0.0283458929 0.992614707 -0.117951493 0 -0.364494596 0.120138331 0.923423235 0 27.9649739 -28.9904138 15.4646278 1 16.6926837 -39.3314229 94.5839188 3.37714578
*rotateabout 1 9.04086781 -7.84226513 10.75
*viewset 0.99721942 -0.00077224551 0.074517333 0 -0.00861225436 0.992052011 0.125533411 0 -0.0740220127 -0.125826118 0.989286879 0 41.8324547 -13.079591 19.2941638 1 32.4810985 -30.674472 78.795504 -5.27980512
*rotateabout 1 2.84003592 0.799027026 10.75
*viewset 0.90532538 0.0233174711 0.42407812 0 -0.0874914565 0.987315236 0.132491018 0 -0.415609433 -0.157050693 0.895881621 0 4.13310754 1.06395818 -0.190988419 1 -9.54904241 -11.8918849 13.9031979 12.3534394
*rotateabout 1 13.1592941 -6.16287518 10.75
*viewset 0.378657867 -0.342505368 0.859830386 0 -0.629134686 0.586122465 0.510538934 0 -0.67882823 -0.734268704 0.00645787484 0 10.5552027 9.61052116 5.96598673 1 -9.54904241 -11.8918849 13.9031979 12.3534394
*rotateabout 1 2.17707777 0.230777264 -6.66133815e-16
*viewset 0.143089561 0.506126106 0.850506756 0 -0.402257157 0.814909577 -0.417266774 0 -0.904275709 -0.28241591 0.320197902 0 1.15755699 -0.438633184 -0.280819617 1 -18.6781133 -19.4166229 21.4305978 21.1192335
*rotateabout 1 12.9733543 0.589645863 -10.75
*viewset 0.904034331 -0.200554208 0.37749164 0 0.0696323205 0.940402073 0.332859251 0 -0.421750244 -0.274630572 0.864120814 0 -3.80554807 8.73907718 11.2606357 1 -18.6781133 -19.4166229 21.4305978 21.1192335
*rotateabout 1 2.17707777 0.230777264 -6.10622664e-16
*viewset 0.906008377 0.296190895 0.302357031 0 -0.391982395 0.856663631 0.335376244 0 -0.159682882 -0.42237232 0.892246043 0 0.295087697 -0.679344934 -0.572467814 1 -11.7677078 -18.3922566 16.1218633 18.718625
*rotateabout 1 13.3775921 -2.30429173 -10.75
*viewset 0.664945277 -0.139668766 0.733716849 0 -0.1763387 0.925230834 0.335935361 0 -0.72577713 -0.352761307 0.590598864 0 -6.13145668 0.148258923 -2.23541475 1 -11.3454663 -15.8404797 14.4243192 14.7007712
*rotateabout 1 9.12093258 4.62068319 10.75
*viewset 0.987709075 -0.140347989 -0.0687984403 0 0.156299657 0.889947541 0.428443451 0 0.0010958259 -0.433930657 0.900945605 0 -18.4262643 1.19005751 1.32059506 1 -11.3454663 -15.8404797 14.4243192 14.7007712
*rotateabout 1 15.0492001 3.21516538 -0.23772697
*viewset 0.949098974 -0.0222722663 0.314189568 0 -0.0860914521 0.941170637 0.326781416 0 -0.302984158 -0.337196943 0.891346634 0 -12.5389831 -3.34085452 -4.11848977 1 -3.87800362 -6.99036135 6.95685653 5.85065284
*rotateabout 1 11.5910587 11.0854969 0.522399902
*viewset 0.893815656 0.0212318279 0.447931672 0 -0.171979274 0.938730684 0.298676802 0 -0.414145751 -0.343996966 0.842703616 0 -7.32849455 -10.2753672 -5.33173765 1 0.734120656 -1.52426834 2.34473225 0.384559836
*rotateabout 1 11.7128801 9.6133728 -2.66126776
*viewset -0.325781966 0.742082229 -0.585815736 0 -0.887494419 -0.0264386318 0.460059403 0 0.32591374 0.669787253 0.667207066 0 18.1910224 -11.0649256 4.75794743 1 -9.29543369 -13.4108685 12.3742866 12.2711599
*rotateabout 1 2.17707777 0.230777264 -6.66133815e-16
*viewset 0.975059334 0.208792741 -0.0752654426 0 -0.175679806 0.933309979 0.313159845 0 0.135631491 -0.292126811 0.946713275 0 -0.542810641 0.299627443 -1.12620524 1 -16.6825637 -20.6263534 19.7614166 22.5654978
*hwct_openlibrary modules usersettingsfilepath=C:/Users/tjmck/.altair/AltairPartLibrarySettings2020.xml  workspacename=workspace  user=tjmck  libraryname=Part_Library  librarytype=LOCAL
*hwct_synclibrary modules 1 updatesignal=1
*setoption topofacecolor=3
*clearmarkall 3
*setoption topofacecolor=4
*setoption topofacecolor=4
# Session ended at "4-25-2025  16:48:01"
return; # Stop script and return to application 
# *quit 1; # Uncomment to exit application
*do_markrejectclear 0
*begin "version 2025.0.0.24  4-25-2025  18:22:31"
*createstringarray 20 " 0 penalty value              0.00    0.00    0.80    1.00   10.00" \
  "  1 min length        1 1.0   1.000   0.900   0.400   0.200   0.100    1   59    0" \
  "  2 max length        1 1.0   1.000   1.200   1.500   2.000   3.000    0   39    1" \
  "  3 aspect ratio      1 1.0   1.000   2.000   4.400   5.000  10.000    0   41    2" \
  "  4 warpage           1 1.0   0.000   5.000  13.000  15.000  30.000    0   56    3" \
  "  5 max angle quad    1 1.0  90.000 110.000 134.000 140.000 160.000    0   28    4" \
  "  6 min angle quad    1 1.0  90.000  70.000  46.000  40.000  20.000    0   61    5" \
  "  7 max angle tria    1 1.0  60.000  80.000 112.000 120.000 150.000    0   19    6" \
  "  8 min angle tria    1 1.0  60.000  50.000  34.000  30.000  15.000    0   22    7" \
  "  9 skew              1 1.0   0.000  10.000  34.000  40.000  70.000    0   46    8" \
  " 10 jacobian          1 1.0   1.000   0.900   0.700   0.600   0.300    0   57    9" \
  " 11 chordal dev       0 1.0   0.000   0.300   0.800   1.000   2.000    0   29   10" \
  " 12 taper             1 1.0   0.000   0.200   0.500   0.600   0.900    0   53   11" \
  " 13 % of trias        1 1.0   0.000   6.000  10.000  15.000  20.000    0    0   -1" \
  " 14 QI color legend            32      32       7       6       3           3   -1" \
  " 15 time_step         0         1.000                       0.01            0   59   12" \
  " 16 area_skew         0         1.000                      0.500            0   39   13" \
  " 17 cell_squish       0         1.000                      0.600            0   53   14" \
  " 18 equi_skew         0         1.000                      0.600            0   34   15" \
  "   Global_solver -1"
*setqualitycriteria 1 20 0
*templatefileset "C:/Program Files/Altair/2025/hwdesktop/templates/feoutput/optistruct/optistruct"
*menufilterset "*"
*menufilterdisable 
*setoption show_scale=0
*setscaleoption position=bottom
*viewset 1 0 0 0 0 1 0 0 0 0 1 0 0 0 0 1 0 0 10 10
*setoption display_color-5=2
*setoption highlight-active_color=#FFFFFF
*setoption highlight-glow_color=#FFFFFF
*graphicfont 2
*menufont 2
*ME_CoreBehaviorAdjust "allowable_actions_policy=default"
*loaddefaultattributevaluesfromxml 
*setoption highlight-active_color=#FFFFFF
*setoption highlight-glow_color=#FFFFFF
*hwct_openlibrary modules usersettingsfilepath=C:/Users/tjmck/.altair/AltairPartLibrarySettings2020.xml  workspacename=workspace  user=tjmck  libraryname=Part_Library  librarytype=LOCAL
*clearmarkall 3
*clearmarkall 1
*setoption topoedgecolor=0
*setoption topofacecolor=4
*readfile "C:\\Users\\tjmck\\OneDrive\\Documents\\GitHub\\CAD-Portfolio\\Transmission Loss Box\\Mesh Files\\Transmission Loss Box Mesh 2.hm"  0
*setoption topofacecolor=4
*rotateabout 1 12.879549 1.26118279 -7.91975021
*viewset -0.977871461 0.104566452 -0.18119951 0 -0.097626992 0.537954464 0.837301598 0 0.185030742 0.8364633 -0.515841809 0 10.6902211 4.35535274 -8.23789839 1 -7.09890532 -2.95625 3.69359034 2.95625
*rotateabout 1 12.8386078 1.55429173 -10.75
*viewset -0.169683645 0.285570448 -0.943216295 0 0.00636263776 0.95739304 0.288718001 0 0.985478045 0.0429893792 -0.164270922 0 4.86728004 -7.29861376 6.17738224 1 -16.9655512 -8.36153769 13.5602362 8.36153769
*rotateabout 1 -2.71837974 4.49533939 -10.75
*viewset -0.855675373 0.236274996 0.460427825 0 -0.0542966449 0.843794911 -0.533911999 0 -0.514656711 -0.481855035 -0.709185585 0 -12.8512705 -12.5640328 7.83318839 1 -16.9655512 -8.36153769 13.5602362 8.36153769
*rotateabout 1 13.2421951 -12.875 1.45988834
*viewset -0.872438687 -0.220027432 0.43639279 0 -0.0510531244 0.929068796 0.366366961 0 -0.486049706 0.297353495 -0.821788648 0 -32.4859319 -28.1198149 19.9069445 1 -104.378758 -56.2494965 100.973443 56.2494965
# Session ended at "4-25-2025  18:27:19"
return; # Stop script and return to application 
# *quit 1; # Uncomment to exit application
*do_markrejectclear 0
